27.24, 0.33, 0.00, 0.16, 11.92, 0.15, 6.31, 68.69, 43.50, 36.32
12.41, 22.95, 45.48, 2.88, 16.35, 61.38, 52.21, 5.25, 41.74, 29.75
20.22, 44.19, 47.32, 54.88, 51.73, 30.92, 6.73, 6.45, 40.30, 4.28
35.70, 43.70, 13.56, 11.25, 20.48, 85.37, 34.86, 14.64, 33.19, 49.68
76.24, 13.05, 33.83, 6.35, 30.69, 32.17, 7.35, 0.30, 10.70, 31.84
49.46, 39.49, 12.55, 1.96, 54.13, 2.39, 2.60, 29.40, 7.53, 53.95
12.74, 21.33, 2.12, 0.30, 26.35, 70.04, 4.78, 3.96, 13.89, 18.45
2.48, 18.59, 16.76, 36.96, 11.18, 4.70, 16.50, 1.45, 6.38, 46.51
16.58, 41.19, 40.95, 2.84, 5.29, 43.08, 15.86, 20.79, 4.43, 20.39
36.79, 42.80, 6.76, 18.88, 0.35, 15.38, 23.90, 71.65, 53.11, 63.16

31.38, 65.95, 10.06, 22.80, 28.30, 6.30, 20.42, 17.80, 15.35, 3.55
22.54, 23.12, 2.35, 19.34, 5.63, 54.57, 31.00, 0.98, 54.66, 17.54
27.88, 14.02, 13.37, 53.48, 8.29, 22.06, 3.25, 5.70, 6.70, 69.67
53.09, 0.85, 65.20, 2.85, 4.69, 67.79, 8.01, 26.38, 38.41, 2.94
24.89, 0.15, 2.44, 4.10, 2.28, 56.48, 0.92, 13.21, 41.24, 5.03
26.21, 14.06, 53.02, 3.59, 18.03, 4.73, 34.96, 70.38, 19.42, 0.70
13.97, 9.49, 24.34, 5.15, 34.95, 37.66, 86.32, 22.76, 21.23, 4.49
24.52, 65.00, 4.06, 8.81, 19.09, 41.69, 41.15, 28.78, 0.00, 20.73
1.84, 53.43, 11.51, 4.60, 72.24, 12.07, 18.16, 21.16, 34.36, 63.72
21.31, 16.94, 37.21, 0.66, 24.42, 1.33, 49.07, 12.57, 23.80, 3.39

37.95, 5.37, 1.79, 0.92, 24.30, 30.88, 3.95, 0.29, 63.72, 37.59
55.86, 7.32, 61.82, 6.73, 5.57, 54.28, 13.71, 79.66, 51.84, 0.01
2.93, 35.19, 44.95, 4.34, 26.23, 1.38, 5.45, 1.66, 7.42, 11.71
6.38, 3.43, 27.97, 90.34, 19.09, 0.74, 1.82, 4.80, 16.10, 31.75
10.23, 10.91, 27.56, 0.91, 0.68, 37.88, 22.59, 20.98, 31.05, 25.63
5.35, 2.95, 9.50, 12.00, 11.88, 12.15, 15.52, 22.21, 71.80, 12.32
16.64, 1.39, 78.38, 0.00, 16.34, 35.97, 4.14, 44.50, 14.23, 7.70
5.42, 47.36, 34.41, 26.64, 19.84, 4.32, 78.55, 27.36, 8.12, 28.66
79.62, 50.58, 65.14, 4.42, 22.46, 95.38, 20.96, 34.00, 62.96, 21.20
46.16, 29.10, 12.46, 55.29, 55.56, 17.03, 63.74, 79.20, 45.31, 61.24

9.36, 6.71, 63.24, 22.76, 15.76, 13.11, 31.02, 13.07, 20.26, 18.43
3.17, 16.93, 4.23, 14.54, 44.40, 35.11, 10.38, 29.81, 0.06, 38.87
45.67, 10.99, 2.35, 13.39, 59.96, 15.23, 61.38, 42.53, 42.98, 20.09
23.70, 17.37, 5.35, 37.46, 19.40, 4.17, 31.37, 79.70, 55.05, 35.36
1.09, 9.23, 14.21, 36.78, 1.60, 8.39, 7.44, 31.10, 33.21, 4.22
13.73, 6.54, 35.49, 15.95, 0.91, 20.71, 30.90, 27.58, 75.56, 2.59
67.73, 50.94, 0.14, 2.96, 17.05, 63.83, 12.50, 1.97, 5.69, 9.28
4.46, 13.92, 19.43, 2.73, 22.12, 13.89, 9.11, 80.10, 39.62, 0.00
1.91, 37.02, 35.08, 21.79, 25.75, 0.12, 15.26, 60.02, 4.62, 45.82
5.35, 14.97, 67.92, 10.20, 68.90, 7.25, 16.13, 47.33, 46.08, 8.99

88.61, 0.18, 9.85, 10.66, 5.15, 52.79, 1.08, 38.26, 10.26, 3.79
6.37, 8.37, 0.85, 3.25, 3.32, 2.01, 17.21, 18.00, 73.77, 2.43
51.99, 53.04, 44.56, 53.74, 11.47, 32.43, 23.63, 61.28, 57.52, 14.42
1.70, 20.68, 13.94, 46.36, 43.47, 10.23, 41.15, 45.05, 7.65, 2.57
16.17, 38.42, 24.40, 9.53, 27.28, 4.83, 51.37, 87.27, 27.15, 47.87
46.48, 10.29, 38.77, 11.01, 17.67, 8.37, 4.63, 26.19, 29.74, 40.08
25.15, 2.35, 59.42, 74.83, 90.22, 14.38, 12.84, 54.93, 35.66, 10.14
0.39, 45.97, 4.74, 3.23, 8.95, 23.54, 28.66, 1.78, 74.73, 25.61
10.47, 23.23, 1.39, 42.46, 16.32, 58.89, 12.08, 19.08, 0.69, 8.51
0.24, 20.42, 25.83, 15.78, 1.33, 1.89, 1.68, 61.40, 30.43, 13.20

24.85, 2.28, 4.96, 9.43, 0.37, 32.86, 5.84, 67.81, 29.87, 68.10
41.79, 41.92, 37.59, 24.06, 8.04, 4.28, 9.27, 33.19, 10.37, 2.36
32.95, 1.31, 3.97, 12.87, 10.03, 41.46, 0.53, 10.37, 27.13, 3.49
3.89, 20.20, 0.86, 40.73, 55.15, 11.02, 19.24, 20.60, 34.49, 2.35
85.45, 24.98, 4.16, 4.53, 37.05, 41.74, 20.45, 19.55, 34.45, 9.46
3.71, 28.69, 12.04, 36.11, 9.21, 55.42, 14.67, 39.26, 7.45, 6.56
6.26, 67.50, 19.71, 68.33, 66.69, 82.75, 46.61, 18.59, 0.00, 1.76
30.93, 5.40, 23.99, 22.51, 36.59, 26.96, 2.57, 38.12, 8.58, 2.76
8.57, 12.67, 51.45, 16.80, 36.75, 7.48, 5.18, 1.13, 5.02, 6.44
25.86, 3.96, 11.43, 5.80, 8.20, 17.60, 26.34, 1.77, 25.08, 7.74

12.97, 15.02, 43.59, 2.60, 16.33, 7.08, 24.95, 30.85, 39.08, 5.07
68.09, 38.26, 43.14, 88.11, 2.21, 24.66, 42.26, 49.02, 39.14, 34.32
76.53, 34.95, 49.55, 13.70, 1.39, 10.55, 6.15, 51.33, 35.56, 8.13
0.77, 36.08, 64.37, 17.06, 46.68, 4.97, 13.80, 1.16, 46.19, 28.95
11.77, 35.59, 67.98, 28.81, 7.77, 49.45, 32.93, 19.49, 11.07, 14.71
7.43, 18.74, 7.82, 0.73, 0.11, 58.68, 7.31, 8.53, 0.27, 30.96
15.94, 21.39, 22.61, 21.65, 40.32, 9.29, 36.37, 63.26, 18.00, 29.96
15.89, 21.40, 3.17, 32.03, 38.11, 28.53, 22.37, 14.34, 84.02, 55.83
7.60, 0.00, 36.24, 19.83, 0.80, 22.72, 62.95, 1.33, 4.11, 29.48
29.20, 54.78, 83.05, 28.28, 23.34, 80.67, 42.32, 10.93, 7.95, 5.93

19.58, 4.57, 84.41, 3.86, 14.64, 20.30, 9.76, 1.28, 35.70, 13.97
55.41, 55.86, 10.16, 37.47, 16.25, 75.56, 45.60, 64.24, 58.57, 3.32
49.30, 50.83, 2.38, 14.44, 8.14, 92.50, 1.56, 3.62, 12.11, 12.91
31.00, 14.18, 32.40, 27.64, 29.54, 1.11, 26.68, 54.03, 18.09, 31.49
9.39, 33.92, 8.38, 47.64, 53.11, 59.26, 14.01, 2.50, 5.29, 18.01
14.89, 20.61, 62.13, 1.76, 26.94, 44.55, 37.96, 8.12, 5.72, 4.59
0.44, 57.90, 27.32, 23.10, 48.58, 25.76, 65.22, 51.26, 74.37, 88.40
0.38, 13.37, 59.08, 51.91, 0.83, 49.38, 23.65, 27.19, 16.67, 13.26
2.52, 25.69, 22.25, 25.23, 0.34, 54.40, 4.90, 3.51, 36.07, 8.88
26.61, 37.75, 46.06, 2.84, 0.92, 31.66, 11.06, 5.40, 41.44, 6.40

9.09, 60.69, 12.72, 72.31, 4.54, 67.53, 17.81, 50.38, 81.69, 13.92
32.84, 34.88, 37.55, 2.68, 2.46, 46.24, 25.73, 10.80, 25.97, 1.24
10.79, 69.12, 0.79, 58.38, 23.74, 26.25, 0.39, 12.42, 15.93, 24.61
37.22, 65.98, 7.35, 53.42, 34.76, 7.88, 51.41, 16.91, 39.22, 36.97
26.48, 9.82, 31.04, 1.04, 0.16, 16.72, 81.19, 8.13, 26.24, 0.60
63.11, 29.83, 19.55, 33.96, 12.21, 30.69, 41.65, 39.07, 50.49, 52.90
6.69, 39.23, 42.82, 20.26, 10.00, 31.11, 1.24, 48.55, 28.15, 24.23
6.13, 47.99, 6.54, 3.95, 33.67, 18.47, 35.48, 1.52, 0.40, 5.62
27.41, 40.17, 12.74, 40.52, 36.71, 7.98, 68.55, 59.05, 59.36, 6.43
7.55, 0.89, 20.01, 41.21, 27.04, 4.30, 0.23, 73.34, 13.12, 1.62

1.00, 1.35, 36.71, 10.06, 21.72, 1.50, 27.29, 93.69, 38.15, 38.03
49.28, 14.71, 10.93, 34.47, 14.56, 11.48, 58.60, 81.06, 4.29, 15.78
46.90, 37.28, 23.43, 10.22, 30.37, 23.94, 32.01, 20.27, 14.17, 0.00
48.54, 63.67, 35.59, 3.19, 46.88, 49.65, 2.82, 5.96, 41.93, 1.87
0.93, 66.10, 30.66, 36.42, 11.99, 1.20, 61.12, 21.97, 80.40, 46.64
0.05, 44.73, 77.36, 15.11, 34.94, 47.29, 18.35, 66.73, 29.89, 14.35
93.52, 39.41, 0.15, 54.27, 62.67, 53.03, 35.62, 5.67, 0.35, 81.50
52.50, 31.03, 22.56, 9.70, 13.88, 1.13, 32.13, 6.30, 20.44, 14.04
62.92, 49.75, 38.45, 4.88, 1.49, 3.10, 29.95, 3.42, 16.75, 20.88
77.08, 1.85, 3.74, 12.85, 44.24, 8.10, 14.30, 30.14, 26.99, 5.16

